3 1 0
6 1 0
9 1 0
12 3 0
15 136 0
18 168 0
21 156 0
24 153 0
27 140 0
30 144 0
33 139 0
36 163 0
39 153 0
42 157 0
45 158 0
48 161 0
51 139 0
54 160 0
57 154 0
60 140 0
63 142 0
66 155 0
69 129 0
72 139 0
75 144 0
78 141 0
81 165 0
84 152 0
87 161 0
90 126 0
93 129 0
96 171 0
99 190 0
102 186 0
105 196 0
108 168 0
111 197 0
114 195 0
117 188 0
120 182 0
123 169 0
126 212 0
129 194 0
132 208 0
135 203 0
138 160 0
141 187 0
144 198 0
147 213 0
150 173 0
153 208 0
156 209 0
159 190 0
162 203 0
165 197 0
168 176 0
171 193 0
174 190 0
177 193 0
180 175 0
183 180 0
186 222 0
189 190 0
192 192 0
195 197 0
198 166 0
201 191 0
204 209 0
207 211 0
210 193 0
213 190 0
216 221 0
219 199 0
222 209 0
225 212 0
228 188 0
231 184 0
234 211 0
